[chicas]
total=618
A=1.284692
b=0.067956
i=0.67956
g=0.071192
l=0.446568
r=0.44495
c=0.215194
d=0.211958
e=0.59057
n=0.490254
h=0.06472
o=0.265352
f=0.051776
t=0.207104
À=0.003236
s=0.22652
u=0.139148
z=0.04854
k=0.014562
j=0.04045
x=0.02427
m=0.207104
y=0.077664
p=0.069574
v=0.092226
ñ=0.003236
q=0.00809
w=0.004854
è=0.003236
[chicos]
total=370
A=0.748731
r=0.554115
o=0.605472
n=0.510867
b=0.137853
e=0.618987
l=0.37842
d=0.194616
h=0.05406
m=0.205428
c=0.221646
t=0.259488
i=0.494649
f=0.045951
s=0.2703
g=0.102714
u=0.16218
z=0.037842
j=0.062169
x=0.02703
v=0.072981
w=0.013515
y=0.043248
k=0.043248
p=0.067575
q=0.013515
ñ=0.005406
